1 111000000000000000
2 00100
3 11100
4 111000
5 100000
6 100000
7 0000000
8 000000
9 0000
10 000000
11 0000
12 0000
13 0000
14 000000
15 00000000000000000
16 00000
17 00000
18 000000000
19 00000
20 00000
21 00000
22 000
23 000
24 000
25 0000
26 00000
27 0000000000
28 0000000000
29 000000
30 0000000000
31 0000
32 0000
33 0000
34 0000000
35 0000
36 00000
37 000000000
38 000
39 0000
40 00000000000000
41 0000000000000
42 000000
43 0000
44 0000
45 0000
46 0000
47 0000000000
48 0000
49 00000
50 00000
51 0000
52 0000
53 00000
54 00000
55 00
56 000
57 000000
58 0000000000000000
